0.00020871395699037756   0.00020868393653729493
-0.00017913228256722277   -0.0001781369835242062
-0.00025778882906341157   -0.00025899622579059
0.0002524529348847043   0.00025184472391356227
0.00026417036264659503   0.0002614793758646355
-0.0002659867491851654   -0.00026253019961253095
-0.00035110034150948033   -0.00034843391171917383
0.00036690362470150626   0.0003630727601374637
0.00032906102537690773   0.00032980336044896835
-0.00041848036245010096   -0.0004183326343519834
-0.0004640323815695399   -0.0004648113443427052
0.0005433280153268101   0.0005454640650405466
0.00043729250792208464   0.0004424360774826222
-0.0007027384580712336   -0.0007064393778087036
-0.0006220603550323767   -0.0006275095752179612
0.0008493385235051503   0.0008606422920862416
0.0006804539565047622   0.0006753650283220404
-0.0012323873917811283   -0.0012091266983925908
-0.0009008005784940817   -0.0008923785813140923
0.0014223760744832767   0.0014108992310688936
0.0011747224920433824   0.001176301102291484
-0.0020276567578642645   -0.00199689449115335
-0.0013943985983972161   -0.0013933494578098077
0.0023388337629084853   0.00233195414359513
0.0021746820657366638   0.0021845052031619957
-0.0031332275624953174   -0.003064718588065607
-0.002389729667944188   -0.0023912984276704976
0.0037472358467128923   0.003742968024567256
0.003985557854824383   0.0039496975818543245
-0.004262850740353965   -0.0041056698025672715
-0.004297970642020191   -0.004314689237549323
0.005595949515904126   0.00558300150116605
0.00622884211467777   0.006099049842191598
-0.004750345578329643   -0.00460811184051583
-0.00736075744316139   -0.007420474476882377
0.0072531372016391826   0.00726123678812034
0.008137487742006575   0.00779193874868846
-0.005091633297670702   -0.004965946809906578
-0.011096825447636677   -0.01091583464833576
0.008358915427444134   0.008267943878630548
0.009047859315193673   0.008928528481673597
-0.006313543600375131   -0.006344771637334509
-0.013673518084889622   -0.01380710899016778
0.009411886792856922   0.009575419843591094
0.01037818911261941   0.010015164863994975
-0.010290620129355972   -0.009964294603923724
-0.016476256343097344   -0.016276090641486808
0.013242908284995508   0.01296111095701964
0.011958918305533065   0.011823305194598824
-0.017487078695886206   -0.017459191645897747
-0.019022301340965546   -0.019250345366699343
0.020207715954947247   0.020346449669168355
0.016269942493642272   0.015768079563845936
-0.03167854183084079   -0.03145876701144954
-0.024233297532711605   -0.02420779594879087
0.034454248955729384   0.03450710234916208
0.02539714845952657   0.02446847396810075
-0.055753605733602114   -0.05568545863760453
-0.034363163130710465   -0.03417154131294403
0.059814099628094315   0.0596622424069471
0.04208996111278174   0.041517318708349724
-0.09525994773431613   -0.0958265040586953
-0.054952440959249414   -0.05458268230982011
0.10068754757563719   0.10089271801698699
0.07518782249677286   0.07519537866724364
-0.16227526884299268   -0.16253969590433612
-0.09325625620130615   -0.09354166058332453
0.16416310217176455   0.16457710014398166
0.14792727785995577   0.14756636550491453
-0.2660636744117358   -0.263799372040367
-0.16688834105659783   -0.16661009510147481
0.25933461057718477   0.2568364086814399
0.28323186914636417   0.2830010363292711
-0.3854733153382633   -0.38411752584059244
-0.2928059700520676   -0.2926891830775147
0.3703205385377551   0.36935893556546756
0.47210084582111544   0.4684319658377561
-0.5005409845253347   -0.4997171275899768
-0.46814661692145754   -0.4650435858431348
0.4896039125363431   0.4884716120650803
0.6604162100951677   0.6732892426127915
-0.6402468333218126   -0.640742609566496
-0.6553790355829913   -0.6665184379317226
0.639980641109757   0.6409108754745937
