0.00020871395699037756   0.00020802542078029136
-0.00017913228256722277   -0.0001808567829012553
-0.00025778882906341157   -0.0002575451753583613
0.0002524529348847043   0.0002534431735067658
0.00026417036264659503   0.0002629796909902785
-0.0002659867491851654   -0.0002644567598730167
-0.00035110034150948033   -0.00034866048901859064
0.00036690362470150626   0.00036504209740308196
0.00032906102537690773   0.0003317545648267772
-0.00041848036245010096   -0.00041731831442971254
-0.0004640323815695399   -0.00046717464097950813
0.0005433280153268101   0.000545850676261974
0.00043729250792208464   0.00043861262803830794
-0.0007027384580712336   -0.0007028154704682825
-0.0006220603550323767   -0.0006296501065435706
0.0008493385235051503   0.0008565024915817201
0.0006804539565047622   0.0006573158912376254
-0.0012323873917811283   -0.0012161150078270012
-0.0009008005784940817   -0.0008868621961847757
0.0014223760744832767   0.0014032669077654772
0.0011747224920433824   0.0011602618735883352
-0.0020276567578642645   -0.002044180018025665
-0.0013943985983972161   -0.0013765987590832098
0.0023388337629084853   0.0023363801034290135
0.0021746820657366638   0.002218315786284955
-0.0031332275624953174   -0.003138803656342954
-0.002389729667944188   -0.002393674341170148
0.0037472358467128923   0.0037719269645982694
0.003985557854824383   0.004004321076473712
-0.004262850740353965   -0.0041656323005375825
-0.004297970642020191   -0.004355211747084714
0.005595949515904126   0.005579572312057261
0.00622884211467777   0.006154831546826557
-0.004750345578329643   -0.0047264447389540835
-0.00736075744316139   -0.007405030765918867
0.0072531372016391826   0.007216234909452039
0.008137487742006575   0.00795311898050968
-0.005091633297670702   -0.005154341670421204
-0.011096825447636677   -0.010864736334535914
0.008358915427444134   0.008303184644268706
0.009047859315193673   0.009216292443603656
-0.006313543600375131   -0.006504506781887729
-0.013673518084889622   -0.01384290086853789
0.009411886792856922   0.009646158999426481
0.01037818911261941   0.01035199241164008
-0.010290620129355972   -0.010060496823900178
-0.016476256343097344   -0.01634796522424814
0.013242908284995508   0.012960195229434448
0.011958918305533065   0.012178966177968646
-0.017487078695886206   -0.017550708073191004
-0.019022301340965546   -0.019269775278953145
0.020207715954947247   0.020330013948798957
0.016269942493642272   0.01620354177546788
-0.03167854183084079   -0.03150937388262914
-0.024233297532711605   -0.024269266703915483
0.034454248955729384   0.03452567454611019
0.02539714845952657   0.02474112624721333
-0.055753605733602114   -0.055639473521188525
-0.034363163130710465   -0.03422471182848288
0.059814099628094315   0.05950832099311319
0.04208996111278174   0.04177385779443799
-0.09525994773431613   -0.09641740886174387
-0.054952440959249414   -0.05419590532246397
0.10068754757563719   0.10089768491319737
0.07518782249677286   0.07712598941482891
-0.16227526884299268   -0.1629977390883396
-0.09325625620130615   -0.09372210774413606
0.16416310217176455   0.1654811894843883
0.14792727785995577   0.14952764071126637
-0.2660636744117358   -0.26084534669179604
-0.16688834105659783   -0.1683112137784086
0.25933461057718477   0.2563792765578928
0.28323186914636417   0.2797528253214902
-0.3854733153382633   -0.38067426461626563
-0.2928059700520676   -0.29201129291251926
0.3703205385377551   0.3668828254546246
0.47210084582111544   0.46589031363713845
-0.5005409845253347   -0.5029615906691687
-0.46814661692145754   -0.4629073241526565
0.4896039125363431   0.4894537204952788
0.6604162100951677   0.6818782395933298
-0.6402468333218126   -0.6403221764356111
-0.6553790355829913   -0.6702695833621293
0.639980641109757   0.641763112804837
