0.0006286725839475206   0.0006278555685313423
-0.0006089660888856686   -0.0006082543378061885
-0.0006287366233457772   -0.0006278186089325295
0.0006104778228860724   0.0006090229723347993
0.0008857593015966521   0.0008868560510492875
-0.000848339756892135   -0.0008488678344936129
-0.0008859318439209925   -0.0008868261282922319
0.000851299252217151   0.0008504230345766624
0.0012531754036246596   0.0012510786675135532
-0.0011832684538557123   -0.001178689201302195
-0.0012536339375280076   -0.0012511000270199746
0.0011890480016424174   0.0011818052168735477
0.0017669991012177464   0.0017602125447417414
-0.001640650588062137   -0.0016260602148253443
-0.0017681839106254923   -0.001760419879047895
0.0016518029683980802   0.0016322394098506865
0.0024829952670842198   0.0024636399013014893
-0.0022652758720024422   -0.0022265131255183876
-0.002485945009737172   -0.0024644008558936566
0.002286496727427413   0.002238610261798245
0.003385572517097596   0.0034155096580059923
-0.0030459450438164036   -0.003029572868339436
-0.003392380997544897   -0.0034177034152211784
0.0030846667601605866   0.0030528562249162827
0.004613207216458634   0.004664562221090094
-0.004143634945732279   -0.004124309936263534
-0.004627987643524491   -0.004669894600793132
0.004213495402261996   0.004168232639537778
0.00621619745635838   0.006255534767878311
-0.005720454276787932   -0.005706020072705271
-0.006245497406599427   -0.006266270971399556
0.0058444833029886005   0.0057876112740276
0.00826639439545342   0.008290109608205202
-0.008117210325522628   -0.008186080070808123
-0.008318096691676397   -0.008307142681747332
0.00833597635988559   0.0083381557130718
0.011129590419980582   0.01108032433430463
-0.01218214517848055   -0.012284558102979336
-0.011211141753801829   -0.011100145346468061
0.012580495914274487   0.012576908138108418
0.015456105041035577   0.015341557351499927
-0.01913508621499029   -0.019057502162484665
-0.01557906340526514   -0.01536155281052678
0.019896757741400664   0.019647498195293833
0.022695684792042748   0.022457575537587506
-0.03025069768142492   -0.029901263564525608
-0.0229489213437985   -0.022535719259728408
0.031761529099684875   0.031135777481704756
0.034977504996270226   0.03502336878215889
-0.045597723840379724   -0.046246052824689576
-0.03581943465082673   -0.035541930418589905
0.04846034002709902   0.04876585942522321
0.05783944158440203   0.05701930411188033
-0.06811419237373326   -0.06796913387132227
-0.060688065201512494   -0.05933223341743425
0.07295765296448327   0.07234547664997845
0.09177283514541767   0.09043725988926882
-0.09289360572537343   -0.09173642519412806
-0.09890553688197694   -0.09680410441917436
0.09855650971597782   0.09662516285098736
0.13319353153704303   0.13101256935757855
-0.11743388051310191   -0.11710296198612632
-0.14508183534429442   -0.14121371011082343
0.11957007698651154   0.11851732114887455
0.1778364901239073   0.1766711256733046
-0.1530659336364597   -0.15380863436790862
-0.18958847613945182   -0.1868916864035986
0.14766953822085857   0.1495407974298018
0.2290393579396799   0.23553388387430574
-0.21487193360328333   -0.21390655700400063
-0.23276329252035208   -0.24281504997457773
0.20476395332516398   0.20430182588115145
