0.0009101947318436331   0.0009016311843035405
-0.00092702438896898   -0.0009092900402324522
-0.0009101231476265309   -0.0009012791291257138
0.0009206265674552288   0.000906323094565483
0.001270023574692309   0.001274912543502013
-0.0013024431627850796   -0.0012904935822770918
-0.0012698209943675356   -0.0012746559531892332
0.0012898814662314145   0.0012847020862159766
0.0017844563508624665   0.0018026064800127832
-0.001846652061629785   -0.0018343935489450924
-0.0017838764227415327   -0.0018028586403494751
0.0018218764025745044   0.0018227711485981478
0.002542786348622056   0.002548665302419337
-0.0026617852701960594   -0.002613538744040033
-0.0025410936730886386   -0.002550506899239765
0.0026124156114000338   0.0025895838827990326
0.0035905959971258192   0.003604455132598962
-0.0038103888878598256   -0.003736080310999091
-0.003585673393215575   -0.0036103237832638842
0.003713496590586765   0.0036854508971842933
0.005088661739197019   0.0051038939518507735
-0.005479144506325318   -0.005365795785683394
-0.005074236600894834   -0.005118118101302972
0.005290222170254558   0.005256494893890272
0.007323539096386662   0.0072551879901611984
-0.007978189637538526   -0.007751909639322487
-0.0072806522291528515   -0.007281045046236727
0.007610577119095917   0.007513087566135881
0.010516179996449443   0.010415024080640255
-0.011467539885700484   -0.011258906317536019
-0.01039050539340942   -0.010434510855666773
0.010775388770235513   0.010740629214294454
0.015493331114776632   0.01524843182114524
-0.016497584211806172   -0.016330347205280846
-0.015128173898583423   -0.015143974012597712
0.0152317267511096   0.01525279865313722
0.023169609594614574   0.022936018488593387
-0.023028589643422363   -0.023172223705517234
-0.022166738939275538   -0.022292336952477055
0.020896943915044028   0.021164104544557853
0.03571424138809678   0.034897490156300504
-0.031074493916604922   -0.030928775545961195
-0.03320593134061777   -0.0328119659814718
0.027956463656320738   0.027935541725216968
0.052049072557729635   0.051029429176688616
-0.03731751118698615   -0.0374121202520488
-0.047097602812048785   -0.04663370900435368
0.03415199914984122   0.034397477841764924
0.07056275231959552   0.06826609470750342
-0.04164700049726529   -0.04190599360117908
-0.063269497576832   -0.06194060894841763
0.040359326963070596   0.04048423671811943
0.08399396973869057   0.08361230054141544
-0.04631039519241155   -0.04828327109299454
-0.07668585038587479   -0.07689798313243394
0.04835470658067556   0.049391550148484176
0.09673051427911869   0.0979450427907335
-0.06215842582970507   -0.06370756523222519
-0.09212876234345249   -0.09267303753173801
0.06698814716875359   0.0674088271033808
0.11719754992843825   0.11718474047305687
-0.0989191188516369   -0.09660121197139414
-0.11693084327867106   -0.1154644065221894
0.1037079743108139   0.10186672971351309
0.15476221578599256   0.15397583180718571
-0.15583652811114995   -0.1537305977621297
-0.15669046069520742   -0.15673036985840205
0.1574217301218977   0.15700387925949624
0.22526403060103745   0.22330585119121818
-0.23019441456420864   -0.2326226700317975
-0.22602388497068576   -0.22613622231748323
0.2296556255017629   0.23068781241128447
