0.00020871395699037756   0.00019754138280695676
-0.00017913228256722277   -0.00018890642794300433
-0.00025778882906341157   -0.00024720402092832846
0.0002524529348847043   0.000256835008610017
0.00026417036264659503   0.0002597464655477516
-0.0002659867491851654   -0.0002759623019784924
-0.00035110034150948033   -0.0003409156899370821
0.00036690362470150626   0.0003737243557240865
0.00032906102537690773   0.000339904058410119
-0.00041848036245010096   -0.0004264279068976405
-0.0004640323815695399   -0.0004674464715429797
0.0005433280153268101   0.0005591489833874844
0.00043729250792208464   0.00045801083732261875
-0.0007027384580712336   -0.0006970110650651648
-0.0006220603550323767   -0.0006445472074168544
0.0008493385235051503   0.0008676256100097971
0.0006804539565047622   0.000673982113696973
-0.0012323873917811283   -0.0011773918561480486
-0.0009008005784940817   -0.0009184526420620063
0.0014223760744832767   0.0013943768253674444
0.0011747224920433824   0.001134103006755996
-0.0020276567578642645   -0.0019687072240992323
-0.0013943985983972161   -0.0014071269711078667
0.0023388337629084853   0.002278722719178166
0.0021746820657366638   0.0021075130409012716
-0.0031332275624953174   -0.0030811955925775544
-0.002389729667944188   -0.0023644902042612844
0.0037472358467128923   0.0036524432821635096
0.003985557854824383   0.003859865776337403
-0.004262850740353965   -0.004228802539601795
-0.004297970642020191   -0.00419110136700989
0.005595949515904126   0.005470623909400764
0.00622884211467777   0.006148084364757731
-0.004750345578329643   -0.004894633279065308
-0.00736075744316139   -0.00716114317600262
0.0072531372016391826   0.007287662843888313
0.008137487742006575   0.008139361346162919
-0.005091633297670702   -0.005219636167704383
-0.011096825447636677   -0.010809292622696597
0.008358915427444134   0.008570174433971673
0.009047859315193673   0.009444469897239011
-0.006313543600375131   -0.006295800520900262
-0.013673518084889622   -0.014119177679055791
0.009411886792856922   0.00979617547126921
0.01037818911261941   0.010386418032781944
-0.010290620129355972   -0.009517677699199775
-0.016476256343097344   -0.01673314671907432
0.013242908284995508   0.01265607134532238
0.011958918305533065   0.01166411576663053
-0.017487078695886206   -0.016763417339284596
-0.019022301340965546   -0.01928546413934652
0.020207715954947247   0.019480026431194394
0.016269942493642272   0.01474229395103119
-0.03167854183084079   -0.03110300815334307
-0.024233297532711605   -0.02335760872746963
0.034454248955729384   0.03352937207415098
0.02539714845952657   0.022926966556128192
-0.055753605733602114   -0.05695189340738203
-0.034363163130710465   -0.03243084665153218
0.059814099628094315   0.05950606418436885
0.04208996111278174   0.041849251955905366
-0.09525994773431613   -0.09958559394184605
-0.054952440959249414   -0.05333971290670737
0.10068754757563719   0.10267452100780632
0.07518782249677286   0.08087692886123103
-0.16227526884299268   -0.16573242800241947
-0.09325625620130615   -0.09630692039961247
0.16416310217176455   0.16695488805292408
0.14792727785995577   0.15624915864420547
-0.2660636744117358   -0.2585038167805894
-0.16688834105659783   -0.17437356511508761
0.25933461057718477   0.2523587114144394
0.28323186914636417   0.2819760716622282
-0.3854733153382633   -0.3701723546129293
-0.2928059700520676   -0.2958925642256673
0.3703205385377551   0.3514293025935488
0.47210084582111544   0.4563704210340972
-0.5005409845253347   -0.4942705274370162
-0.46814661692145754   -0.4539936015647007
0.4896039125363431   0.4633670423686106
0.6604162100951677   0.6776293042153281
-0.6402468333218126   -0.6481056582807512
-0.6553790355829913   -0.6444090868710943
0.639980641109757   0.6155467082084474
