3.0   0.001   0.0006286725839475206   -0.0006089660888856686   8.731195122691245e-06   8.731195122691245e-06   -0.0006287366233457772   0.0006104778228860724   8.742152539199911e-06   8.742152539199911e-06   
3.0   0.002   0.0008857593015966521   -0.000848339756892135   1.2259090506414909e-05   1.2259090506414909e-05   -0.0008859318439209925   0.000851299252217151   1.2280813535483157e-05   1.2280813535483157e-05   
3.0   0.004   0.0012531754036246596   -0.0011832684538557123   1.7162946833191674e-05   1.7162946833191674e-05   -0.0012536339375280076   0.0011890480016424174   1.720582233865289e-05   1.720582233865289e-05   
3.0   0.008   0.0017669991012177464   -0.001640650588062137   2.3934973916010208e-05   2.3934973916010208e-05   -0.0017681839106254923   0.0016518029683980802   2.4019029080446877e-05   2.4019029080446877e-05   
3.0   0.016   0.0024829952670842198   -0.0022652758720024422   3.321070024305887e-05   3.321070024305887e-05   -0.002485945009737172   0.002286496727427413   3.337382807537299e-05   3.337382807537299e-05   
3.0   0.032   0.003385572517097596   -0.0030459450438164036   4.580440462478272e-05   4.580440462478272e-05   -0.003392380997544897   0.0030846667601605866   4.611643828604129e-05   4.611643828604129e-05   
3.0   0.064   0.004613207216458634   -0.004143634945732279   6.280356690341396e-05   6.280356690341396e-05   -0.004627987643524491   0.004213495402261996   6.338917758480907e-05   6.338917758480907e-05   
3.0   0.128   0.00621619745635838   -0.005720454276787932   8.588489035485151e-05   8.588489035485151e-05   -0.006245497406599427   0.0058444833029886005   8.696097518762646e-05   8.696097518762646e-05   
3.0   0.256   0.00826639439545342   -0.008117210325522628   0.00011825283954223629   0.00011825283954223629   -0.008318096691676397   0.00833597635988559   0.00012020009986277167   0.00012020009986277167   
3.0   0.512   0.011129590419980582   -0.01218214517848055   0.00016683208266757692   0.00016683208266757692   -0.011211141753801829   0.012580495914274487   0.00017037474622132843   0.00017037474622132843   
3.0   1.024   0.015456105041035577   -0.01913508621499029   0.00024566576259385975   0.00024566576259385975   -0.01557906340526514   0.019896757741400664   0.00025238413944487224   0.00025238413944487224   
3.0   2.048   0.022695684792042748   -0.03025069768142492   0.0003771184716085778   0.0003771184716085778   -0.0229489213437985   0.031761529099684875   0.0003907483157785036   0.0003907483157785036   
3.0   4.096   0.034977504996270226   -0.045597723840379724   0.0005849647257576107   0.0005849647257576107   -0.03581943465082673   0.04846034002709902   0.0006133979819971327   0.0006133979819971327   
3.0   8.192   0.05783944158440203   -0.06811419237373326   0.0008873695735401264   0.0008873695735401264   -0.060688065201512494   0.07295765296448327   0.000942391142186215   0.000942391142186215   
3.0   16.384   0.09177283514541767   -0.09289360572537343   0.0012896765543305433   0.0012896765543305433   -0.09890553688197694   0.09855650971597782   0.0013790154746124111   0.0013790154746124111   
3.0   32.768   0.13319353153704303   -0.11743388051310191   0.0017601770569915973   0.0017601770569915973   -0.14508183534429442   0.11957007698651154   0.0018636074210854681   0.0018636074210854681   
3.0   65.536   0.1778364901239073   -0.1530659336364597   0.002314731655000434   0.002314731655000434   -0.18958847613945182   0.14766953822085857   0.0023707108307635086   0.0023707108307635086   
3.0   131.072   0.2290393579396799   -0.21487193360328333   0.0031421832921655775   0.0031421832921655775   -0.23276329252035208   0.20476395332516398   0.0031017502484710804   0.0031017502484710804   
