0.00020871395699037756   0.00020865148018094022
-0.00017913228256722277   -0.0001800355563314296
-0.00025778882906341157   -0.00025833131195257937
0.0002524529348847043   0.0002527158384553435
0.00026417036264659503   0.00026270201325561
-0.0002659867491851654   -0.00026415794756642387
-0.00035110034150948033   -0.0003486729723969148
0.00036690362470150626   0.0003640838346003971
0.00032906102537690773   0.00033118634604671745
-0.00041848036245010096   -0.00041872617018976166
-0.0004640323815695399   -0.0004661098942671403
0.0005433280153268101   0.0005455561554432922
0.00043729250792208464   0.0004402058653600114
-0.0007027384580712336   -0.0007064992414826169
-0.0006220603550323767   -0.0006284457645853674
0.0008493385235051503   0.0008583857821773247
0.0006804539565047622   0.0006646900451498305
-0.0012323873917811283   -0.0012181213374314911
-0.0009008005784940817   -0.0008890586327633404
0.0014223760744832767   0.0014074089193176539
0.0011747224920433824   0.0011671819741198885
-0.0020276567578642645   -0.0020341826299194996
-0.0013943985983972161   -0.0013854088238532815
0.0023388337629084853   0.0023359079364391054
0.0021746820657366638   0.0022026490950294493
-0.0031332275624953174   -0.003128264550333153
-0.002389729667944188   -0.0023965073891121114
0.0037472358467128923   0.0037568499621004167
0.003985557854824383   0.003988367667341721
-0.004262850740353965   -0.004192111772646775
-0.004297970642020191   -0.0043324914373066735
0.005595949515904126   0.005573209733115366
0.00622884211467777   0.006188549371110982
-0.004750345578329643   -0.004753336315660198
-0.00736075744316139   -0.007397562471686078
0.0072531372016391826   0.007245856810959194
0.008137487742006575   0.00799043430752324
-0.005091633297670702   -0.005126127879460619
-0.011096825447636677   -0.010899380031230851
0.008358915427444134   0.008309924441954176
0.009047859315193673   0.00919743622573031
-0.006313543600375131   -0.006461746067354941
-0.013673518084889622   -0.01385214501448618
0.009411886792856922   0.00960838902615601
0.01037818911261941   0.010297372990079892
-0.010290620129355972   -0.010072222772374129
-0.016476256343097344   -0.016311910243236763
0.013242908284995508   0.0129422337584181
0.011958918305533065   0.012167794196523002
-0.017487078695886206   -0.017632141904236273
-0.019022301340965546   -0.01924276311224951
0.020207715954947247   0.020352493327693073
0.016269942493642272   0.01630861566774027
-0.03167854183084079   -0.03159268643465381
-0.024233297532711605   -0.02426114799033525
0.034454248955729384   0.03455980214520794
0.02539714845952657   0.024980580125886165
-0.055753605733602114   -0.05553764743740929
-0.034363163130710465   -0.034286230951324846
0.059814099628094315   0.05958242190916199
0.04208996111278174   0.04173178451235411
-0.09525994773431613   -0.09589677679266634
-0.054952440959249414   -0.05440329735406425
0.10068754757563719   0.10075006900355007
0.07518782249677286   0.07619660501124167
-0.16227526884299268   -0.16280485167345107
-0.09325625620130615   -0.09343521222006984
0.16416310217176455   0.1650449852176782
0.14792727785995577   0.14872260468065499
-0.2660636744117358   -0.2622447679926818
-0.16688834105659783   -0.16752393580519173
0.25933461057718477   0.2567839181083865
0.28323186914636417   0.28123089647981664
-0.3854733153382633   -0.38236541579462874
-0.2928059700520676   -0.29237758480714127
0.3703205385377551   0.3680749761993595
0.47210084582111544   0.4672175653939807
-0.5005409845253347   -0.5015911741246148
-0.46814661692145754   -0.4640024745741513
0.4896039125363431   0.48910289356684233
0.6604162100951677   0.6769039322475493
-0.6402468333218126   -0.6403607569725802
-0.6553790355829913   -0.6682564256152734
0.639980641109757   0.6410223914165389
