3.0   0.001   0.0009101947318436331   -0.00092702438896898   1.2689691933661477e-05   1.2689691933661477e-05   -0.0009101231476265309   0.0009206265674552288   1.2644685273007786e-05   1.2644685273007786e-05   
3.0   0.002   0.001270023574692309   -0.0013024431627850796   1.8018459837275255e-05   1.8018459837275255e-05   -0.0012698209943675356   0.0012898814662314145   1.7928181292985e-05   1.7928181292985e-05   
3.0   0.004   0.0017844563508624665   -0.001846652061629785   2.562716415447901e-05   2.562716415447901e-05   -0.0017838764227415327   0.0018218764025745044   2.5445893461712273e-05   2.5445893461712273e-05   
3.0   0.008   0.002542786348622056   -0.0026617852701960594   3.6532570855886144e-05   3.6532570855886144e-05   -0.0025410936730886386   0.0026124156114000338   3.616815920363606e-05   3.616815920363606e-05   
3.0   0.016   0.0035905959971258192   -0.0038103888878598256   5.22427178104993e-05   5.22427178104993e-05   -0.003585673393215575   0.003713496590586765   5.150920826187562e-05   5.150920826187562e-05   
3.0   0.032   0.005088661739197019   -0.005479144506325318   7.50216024650137e-05   7.50216024650137e-05   -0.005074236600894834   0.005290222170254558   7.354381064085916e-05   7.354381064085916e-05   
3.0   0.064   0.007323539096386662   -0.007978189637538526   0.00010829586429513789   0.00010829586429513789   -0.0072806522291528515   0.007610577119095917   0.00010532013215564094   0.00010532013215564094   
3.0   0.128   0.010516179996449443   -0.011467539885700484   0.00015721242144500083   0.00015721242144500083   -0.01039050539340942   0.010775388770235513   0.0001512473579286107   0.0001512473579286107   
3.0   0.256   0.015493331114776632   -0.016497584211806172   0.00022911063927477668   0.00022911063927477668   -0.015128173898583423   0.0152317267511096   0.00021732394571601904   0.00021732394571601904   
3.0   0.512   0.023169609594614574   -0.023028589643422363   0.0003327664797666197   0.0003327664797666197   -0.022166738939275538   0.020896943915044028   0.00031032187228000323   0.00031032187228000323   
3.0   1.024   0.03571424138809678   -0.031074493916604922   0.00047332503652033176   0.00047332503652033176   -0.03320593134061777   0.027956463656320738   0.0004339993450381351   0.0004339993450381351   
3.0   2.048   0.052049072557729635   -0.03731751118698615   0.0006407663009021018   0.0006407663009021018   -0.047097602812048785   0.03415199914984122   0.0005820598094436282   0.0005820598094436282   
3.0   4.096   0.07056275231959552   -0.04164700049726529   0.0008065988483584008   0.0008065988483584008   -0.063269497576832   0.040359326963070596   0.0007387684338626223   0.0007387684338626223   
3.0   8.192   0.08399396973869057   -0.04631039519241155   0.000957042574053514   0.000957042574053514   -0.07668585038587479   0.04835470658067556   0.0009045917576995877   0.0009045917576995877   
3.0   16.384   0.09673051427911869   -0.06215842582970507   0.0011426161979139107   0.0011426161979139107   -0.09212876234345249   0.06698814716875359   0.0011319643747645964   0.0011319643747645964   
3.0   32.768   0.11719754992843825   -0.0989191188516369   0.001499126156328596   0.001499126156328596   -0.11693084327867106   0.1037079743108139   0.0015277861712447256   0.0015277861712447256   
3.0   65.536   0.15476221578599256   -0.15583652811114995   0.0021817806941900096   0.0021817806941900096   -0.15669046069520742   0.1574217301218977   0.0022064534545679806   0.0022064534545679806   
3.0   131.072   0.22526403060103745   -0.23019441456420864   0.0032113042251240916   0.0032113042251240916   -0.22602388497068576   0.2296556255017629   0.0032127766952446367   0.0032127766952446367   
