0.0013877589092467948   0.0013992989711441488
-0.0012685684629902677   -0.001271685733369551
-0.0008760708535315353   -0.000883193179978084
0.0007993279532000514   0.0008015884301386031
0.00197147130246938   0.0019661510533804127
-0.001744477432410477   -0.0017270677928940036
-0.0012426164664422863   -0.001239144913816653
0.0010988472347036552   0.0010885387103994149
0.0027447782738954955   0.0027481115467441115
-0.0023294823228533863   -0.002312142717496935
-0.0017253912756563807   -0.001727599658292915
0.00146862324328142   0.0014590064030836688
0.003794490315113392   0.0038073520406542946
-0.0030599568530085444   -0.0030419052441563134
-0.0023749039108469194   -0.0023837602180098237
0.0019367513572667162   0.0019277258233396865
0.005308353340473796   0.00520261332270877
-0.004039946677692505   -0.0039274586623425835
-0.0033009845863989193   -0.003237678244106373
0.002584693971791592   0.0025166264681787363
0.006967290713333119   0.006970251257151686
-0.0050102885112562   -0.004994024191995066
-0.0042958359085830235   -0.0043032623492070985
0.0032840363806375364   0.003278382572770306
0.009015104615321798   0.009107261719756262
-0.006239921932087305   -0.0063358190842674475
-0.005507635076862066   -0.005574300389895262
0.004284511180331843   0.004352288194065931
0.01178638127134161   0.011583384177456803
-0.008233765776858734   -0.008225399843605641
-0.007157767526830848   -0.00705021448926494
0.006088664690486896   0.006065441433419381
0.01463642005089692   0.01441878009356826
-0.011197422794557694   -0.011279739468707677
-0.008937943485534658   -0.00882327375797298
0.009088648964328625   0.009081721253174552
0.018088870155321332   0.017861295450736343
-0.0166891538820476   -0.016675531429529416
-0.011414965090215891   -0.011266278773032832
0.014770085166561128   0.014585568413280034
0.02249650409058024   0.0227256059302517
-0.02648420353933501   -0.026401797108073354
-0.015363905508719732   -0.015368952395029332
0.024720166694101056   0.024447586925305315
0.030884346255697154   0.03104809024751909
-0.04422435374254795   -0.0434150451287225
-0.023470409549990127   -0.023236903957277722
0.04178548065499866   0.041220847622516876
0.04754524949011277   0.047027527597712476
-0.07200762115762213   -0.07106028106751791
-0.03859751756785941   -0.03851395299690411
0.06805589420014974   0.06770627767400589
0.07612241704109515   0.07655302862791634
-0.11042322883068827   -0.11119336657845764
-0.06489213268649316   -0.06599056994488307
0.10657376593732222   0.10629575269472993
0.12323343371757178   0.12345399858630936
-0.16662802977526198   -0.16500765110520207
-0.11122222432688544   -0.11007380519631789
0.16220099479901018   0.15948572210131434
0.19031827669793405   0.19063125670451844
-0.24005525828093235   -0.23982195459352534
-0.175153440692438   -0.17430884849087647
0.2329609960641899   0.2338821353235677
0.28479974249255074   0.28844776922722504
-0.3515083606729558   -0.3484459739479512
-0.2622009516850068   -0.2681310208166932
0.34580218206191843   0.34335692255266653
0.41802006694109917   0.43384512888631765
-0.5152962268268908   -0.5028722835846178
-0.3921474102923807   -0.4111066931213496
0.5183874595434559   0.5013348065485682
