3.0   0.001   0.000626907671595061   -0.0006440131836699399   9.011627366094637e-06   9.011627366094637e-06   -0.0006270975911638123   0.0006455548859542778   9.024037326224609e-06   9.024037326224609e-06   
3.0   0.002   0.0008829653575237919   -0.0009165849573101192   1.281866513079378e-05   1.281866513079378e-05   -0.0008834991232601908   0.0009194968690915544   1.284352796168459e-05   1.284352796168459e-05   
3.0   0.004   0.0012403134039997534   -0.00130582192226524   1.8277560393148743e-05   1.8277560393148743e-05   -0.0012418071928033316   0.0013111581230571552   1.832728546032949e-05   1.832728546032949e-05   
3.0   0.008   0.0018089834581291686   -0.001940337889192514   2.614818332347287e-05   2.614818332347287e-05   -0.0018133114548113246   0.0019500274642304844   2.624715390797198e-05   2.624715390797198e-05   
3.0   0.016   0.002556032585593696   -0.00280776796670085   3.7580886679834416e-05   3.7580886679834416e-05   -0.0025681156239832467   0.0028233731113026152   3.777561338024209e-05   3.777561338024209e-05   
3.0   0.032   0.0035832020594665152   -0.004051917787164782   5.435082624880915e-05   5.435082624880915e-05   -0.003616331120859914   0.0040721870601240755   5.472403772597142e-05   5.472403772597142e-05   
3.0   0.064   0.005179691009803846   -0.006050111852071307   7.924774805066211e-05   7.924774805066211e-05   -0.005271533418222328   0.006060245934171227   7.992113591632496e-05   7.992113591632496e-05   
3.0   0.128   0.007512444907148976   -0.00904830880434131   0.00011669921804508663   0.00011669921804508663   -0.00775830361552025   0.008977429070819108   0.00011773948708914368   0.00011773948708914368   
3.0   0.256   0.010855288108946254   -0.013318804546680689   0.00017363711834336118   0.00017363711834336118   -0.011463181435409463   0.012914359722622984   0.00017450463741053415   0.00017450463741053415   
3.0   0.512   0.016598639642384817   -0.0201573359908908   0.00026021281209434995   0.00026021281209434995   -0.017964372776578245   0.018575943893861056   0.00025751811569239174   0.00025751811569239174   
3.0   1.024   0.02578046550285467   -0.029568599929405526   0.00038876812147058614   0.00038876812147058614   -0.028031357898644922   0.02458761684082141   0.0003695184072265717   0.0003695184072265717   
3.0   2.048   0.040551355078222925   -0.041710953719083926   0.000568304988093502   0.000568304988093502   -0.041831838790551114   0.02914770265560064   0.0004980771423529044   0.0004980771423529044   
3.0   4.096   0.05978164732497328   -0.053731497745466296   0.000797732119683231   0.000797732119683231   -0.05434504133350387   0.030439221085918025   0.0006181898239422908   0.0006181898239422908   
3.0   8.192   0.083232075566337   -0.06662383741813388   0.001075844068458592   0.001075844068458592   -0.06374387581241789   0.03322323059896179   0.0007253731149660682   0.0007253731149660682   
3.0   16.384   0.11386257050893688   -0.08394553308090417   0.0014167133423881031   0.0014167133423881031   -0.07387363022953171   0.044225704902438524   0.0008622741807838217   0.0008622741807838217   
3.0   32.768   0.1489195491845409   -0.1050830868911077   0.001821347140299061   0.001821347140299061   -0.08840755899096525   0.06668132517316462   0.0011065783178962965   0.0011065783178962965   
3.0   65.536   0.18394803120724035   -0.13736157217788528   0.002314277885749927   0.002314277885749927   -0.11242865644885555   0.10237053488689993   0.0015327895052191123   0.0015327895052191123   
3.0   131.072   0.228801548609766   -0.20070218203424905   0.003074598593196535   0.003074598593196535   -0.1548024293406744   0.1556085063315169   0.002217341171881598   0.002217341171881598   
