3.0   0.0001   0.00020871395699037756   -0.00017913228256722277   2.7668269892890736e-06   2.7668269892890736e-06   -0.00025778882906341157   0.0002524529348847043   3.629632066621652e-06   3.629632066621652e-06   
3.0   0.0002   0.00026417036264659503   -0.0002659867491851654   3.7386064778064327e-06   3.7386064778064327e-06   -0.00035110034150948033   0.00036690362470150626   5.064477270782425e-06   5.064477270782425e-06   
3.0   0.0004   0.00032906102537690773   -0.00041848036245010096   5.3721592931604615e-06   5.3721592931604615e-06   -0.0004640323815695399   0.0005433280153268101   7.21032496729054e-06   7.21032496729054e-06   
3.0   0.0008   0.00043729250792208464   -0.0007027384580712336   8.40630793991257e-06   8.40630793991257e-06   -0.0006220603550323767   0.0008493385235051503   1.0692385046985653e-05   1.0692385046985653e-05   
3.0   0.0016   0.0006804539565047622   -0.0012323873917811283   1.3989303960580157e-05   1.3989303960580157e-05   -0.0009008005784940817   0.0014223760744832767   1.6730624062573987e-05   1.6730624062573987e-05   
3.0   0.0032   0.0011747224920433824   -0.0020276567578642645   2.3448530405219335e-05   2.3448530405219335e-05   -0.0013943985983972161   0.0023388337629084853   2.7246840224524932e-05   2.7246840224524932e-05   
3.0   0.0064   0.0021746820657366638   -0.0031332275624953174   3.8243680003776954e-05   3.8243680003776954e-05   -0.002389729667944188   0.0037472358467128923   4.4565062183356084e-05   4.4565062183356084e-05   
3.0   0.0128   0.003985557854824383   -0.004262850740353965   5.856052434301546e-05   5.856052434301546e-05   -0.004297970642020191   0.005595949515904126   7.080491082113432e-05   7.080491082113432e-05   
3.0   0.0256   0.00622884211467777   -0.004750345578329643   7.93473641899769e-05   7.93473641899769e-05   -0.00736075744316139   0.0072531372016391826   0.00010467368512778085   0.00010467368512778085   
3.0   0.0512   0.008137487742006575   -0.005091633297670702   9.550117997224767e-05   9.550117997224767e-05   -0.011096825447636677   0.008358915427444134   0.00013821894317517377   0.00013821894317517377   
3.0   0.1024   0.009047859315193673   -0.006313543600375131   0.00011191905421467193   0.00011191905421467193   -0.013673518084889622   0.009411886792856922   0.00016838913283937878   0.00016838913283937878   
3.0   0.2048   0.01037818911261941   -0.010290620129355972   0.00014422292633300873   0.00014422292633300873   -0.016476256343097344   0.013242908284995508   0.00020859637945647193   0.00020859637945647193   
3.0   0.4096   0.011958918305533065   -0.017487078695886206   0.00021591714150227413   0.00021591714150227413   -0.019022301340965546   0.020207715954947247   0.0002828497349325123   0.0002828497349325123   
3.0   0.8192   0.016269942493642272   -0.03167854183084079   0.0003591473710643009   0.0003591473710643009   -0.024233297532711605   0.034454248955729384   0.0004248065343750064   0.0004248065343750064   
3.0   1.6384   0.02539714845952657   -0.055753605733602114   0.0006152782457015717   0.0006152782457015717   -0.034363163130710465   0.059814099628094315   0.0006927746732985129   0.0006927746732985129   
3.0   3.2768   0.04208996111278174   -0.09525994773431613   0.001046839897984508   0.001046839897984508   -0.054952440959249414   0.10068754757563719   0.0011530174535042848   0.0011530174535042848   
3.0   6.5536   0.07518782249677286   -0.16227526884299268   0.0017959015041685308   0.0017959015041685308   -0.09325625620130615   0.16416310217176455   0.0018958601231853199   0.0018958601231853199   
3.0   13.1072   0.14792727785995577   -0.2660636744117358   0.003037866836159145   0.003037866836159145   -0.16688834105659783   0.25933461057718477   0.0030774991771512234   0.0030774991771512234   
3.0   26.2144   0.28323186914636417   -0.3854733153382633   0.004815185640587773   0.004815185640587773   -0.2928059700520676   0.3703205385377551   0.00475230100649072   0.00475230100649072   
3.0   52.4288   0.47210084582111544   -0.5005409845253347   0.0068788079443504796   0.0068788079443504796   -0.46814661692145754   0.4896039125363431   0.0067722975249758545   0.0067722975249758545   
3.0   104.8576   0.6604162100951677   -0.6402468333218126   0.009261699917657271   0.009261699917657271   -0.6553790355829913   0.639980641109757   0.009223478740461614   0.009223478740461614   
