0.000626907671595061   0.0006249568505040157
-0.0006440131836699399   -0.0006447695889231816
-0.0006270975911638123   -0.000624745372961499
0.0006455548859542778   0.0006460390433006149
0.0008829653575237919   0.0008847207779847454
-0.0009165849573101192   -0.0009232285555418156
-0.0008834991232601908   -0.0008847943493590878
0.0009194968690915544   0.0009258092067646907
0.0012403134039997534   0.0012535268402990793
-0.00130582192226524   -0.0013275625575066992
-0.0012418071928033316   -0.0012546296534687042
0.0013111581230571552   0.001332443206976498
0.0018089834581291686   0.0017786619031647673
-0.001940337889192514   -0.001919005043405427
-0.0018133114548113246   -0.0017828441790980274
0.0019500274642304844   0.0019274405119619243
0.002556032585593696   0.0025296399786697518
-0.00280776796670085   -0.0027910773436363692
-0.0025681156239832467   -0.00254226908347829
0.0028233731113026152   0.0028036029131053774
0.0035832020594665152   0.003609884659717964
-0.004051917787164782   -0.004087447751943354
-0.003616331120859914   -0.003644498765767315
0.0040721870601240755   0.004100062920272785
0.005179691009803846   0.005175567151539399
-0.006050111852071307   -0.006030907994017181
-0.005271533418222328   -0.005265812463243687
0.006060245934171227   0.006023252228699266
0.007512444907148976   0.007473800739260201
-0.00904830880434131   -0.008972783615904372
-0.00775830361552025   -0.0077050571503980095
0.008977429070819108   0.008872834176646643
0.010855288108946254   0.010948019549608163
-0.013318804546680689   -0.013459409702601696
-0.011463181435409463   -0.011538279086689562
0.012914359722622984   0.013023680582562841
0.016598639642384817   0.016491665541595004
-0.0201573359908908   -0.020194431538753173
-0.017964372776578245   -0.01788515667856809
0.018575943893861056   0.0185802265398085
0.02578046550285467   0.025670540864126453
-0.029568599929405526   -0.02955802353293149
-0.028031357898644922   -0.027998804283686923
0.02458761684082141   0.024318243985193187
0.040551355078222925   0.04007046353206577
-0.041710953719083926   -0.040856796223359124
-0.041831838790551114   -0.040839289146964386
0.02914770265560064   0.027889657641750828
0.05978164732497328   0.059903243445877885
-0.053731497745466296   -0.052959063619310645
-0.05434504133350387   -0.05299735118597513
0.030439221085918025   0.02995466446595809
0.083232075566337   0.08438898492291358
-0.06662383741813388   -0.06610872247930218
-0.06374387581241789   -0.06366622203853389
0.03322323059896179   0.03456236012618937
0.11386257050893688   0.1131081826032814
-0.08394553308090417   -0.08209706709208263
-0.07387363022953171   -0.07493851363992303
0.044225704902438524   0.045327752367635296
0.1489195491845409   0.14620355450848033
-0.1050830868911077   -0.10460936498533052
-0.08840755899096525   -0.08971925958619785
0.06668132517316462   0.06588900618362326
0.18394803120724035   0.18584579028230389
-0.13736157217788528   -0.14030750702249165
-0.11242865644885555   -0.1128671740698258
0.10237053488689993   0.10130062909938749
0.228801548609766   0.23816974073330524
-0.20070218203424905   -0.19848072221086285
-0.1548024293406744   -0.15291067594985563
0.1556085063315169   0.15668018778320547
