0.00027742016105897877   0.0002776990367497567
-0.0003280794465114257   -0.00032607617452117736
-0.0002835566402949106   -0.0002834953012727849
0.00033060433774854487   0.0003283335571362786
0.0003903610983132739   0.0003896528436163565
-0.000496281157306677   -0.0004937290633258109
-0.00039825903652717065   -0.0003971287563253329
0.0004981132470245282   0.0004953117602072995
0.000553443887686849   0.0005534694021624704
-0.0007674098802428448   -0.0007683444477354411
-0.0005631214909244235   -0.0005629863227130806
0.0007674324622290073   0.0007681445169047432
0.0008113764847444428   0.0008171524244641982
-0.0012140600897882227   -0.0012254245063930136
-0.0008231360161275323   -0.0008299476425032575
0.0012107727023432093   0.0012212131313910045
0.0012947425974074508   0.0013007347926818939
-0.0019570948514204198   -0.00195987656647951
-0.0013123940988129955   -0.001321062771029748
0.0019475644179738326   0.0019452554209956102
0.0022445283531451012   0.00222989320418721
-0.0030293942420714006   -0.0029880528131769855
-0.0022830607647015455   -0.002265335901152784
0.0029981103537428935   0.002941229906219783
0.003782434679370922   0.003754731729016569
-0.004126962811303471   -0.0041023912248451914
-0.0038517851338154088   -0.003796877174303077
0.004009584225430436   0.00397077176342019
0.005654234093998832   0.005623850742358253
-0.005141504233330898   -0.00517331957145261
-0.005682275728587742   -0.005620085142934858
0.004837870308348799   0.004893091389372024
0.007579787313708782   0.007575534773113536
-0.006552796946865919   -0.006662619344569917
-0.007432784514203172   -0.007447300719436339
0.006029933557754719   0.006178077554999799
0.010103317558511607   0.00987320903222319
-0.009351742801883205   -0.0093048906137889
-0.009653960182883831   -0.009503054310061461
0.008590997567912498   0.008545067512296705
0.0128054554972495   0.013026942679026465
-0.013637252179691322   -0.013755898583884077
-0.011943554749543896   -0.012195045348936938
0.012691323401549064   0.012689317379850696
0.017226559732231073   0.01748275412556008
-0.021371301562806682   -0.02114431651811334
-0.015770556288733428   -0.015910006553818253
0.020318923043521533   0.019936267068662993
0.024807662616953587   0.02449668641633239
-0.03464567677251118   -0.03371174876029335
-0.022596329543764587   -0.0220381374755594
0.03377063047420791   0.03281719311935487
0.0370103228139182   0.037166215957434724
-0.05420342058408838   -0.05401144297951289
-0.034286669547834825   -0.03411684704264026
0.05407362245577622   0.05415483423471517
0.06028817890126345   0.060154679654041636
-0.08424244961136328   -0.08358414374049646
-0.057811528085741394   -0.05768858161980008
0.08523421081342887   0.08522696953425321
0.09928894604454437   0.097869454825692
-0.12393872309054493   -0.12215337621169609
-0.09798225035225157   -0.09738923080244705
0.12539720767764598   0.12424874020229452
0.15010533690995004   0.15171569417234942
-0.16817655783551164   -0.17029091232168542
-0.14959407771218758   -0.15271821215724074
0.16914846052916335   0.1707238228888756
0.22126920306949874   0.22296915292646347
-0.23217245011821938   -0.2349739518221999
-0.22105545912316163   -0.2228815359578861
0.23290307786213157   0.2334052126269491
0.3201905030366876   0.3203524715346712
-0.3242645180489161   -0.32831254600423665
-0.32030677806468666   -0.3178427727732821
0.3247143600351009   0.3274473648371552
0.45516328906152503   0.4598987159187783
-0.45459250226913994   -0.45965801143108315
-0.45534539915259575   -0.4575759595948802
0.45471395402094644   0.46186871448289957
0.6535434782728011   0.6548444936009303
-0.6523388108488919   -0.6372070972088498
-0.653613760717161   -0.6560382609838933
0.65230455370308   0.6403369682332544
