0.0006286725839475206   0.0006281367372215329
-0.0006089660888856686   -0.000608311937378565
-0.0006287366233457772   -0.0006279913031096239
0.0006104778228860724   0.0006092459089181539
0.0008857593015966521   0.0008871145026653477
-0.000848339756892135   -0.0008488763913148495
-0.0008859318439209925   -0.0008869807656519385
0.000851299252217151   0.0008508083154059666
0.0012531754036246596   0.0012511554908078424
-0.0011832684538557123   -0.0011787135621342125
-0.0012536339375280076   -0.001251142787958772
0.0011890480016424174   0.0011825946952531813
0.0017669991012177464   0.0017598379502300253
-0.001640650588062137   -0.0016264561616812455
-0.0017681839106254923   -0.0017602248880497849
0.0016518029683980802   0.0016340562520314058
0.0024829952670842198   0.002462658033854998
-0.0022652758720024422   -0.0022283153401755876
-0.002485945009737172   -0.0024640463839173616
0.002286496727427413   0.002242848681823398
0.003385572517097596   0.003414734431893572
-0.0030459450438164036   -0.003034706619211616
-0.003392380997544897   -0.0034182034072796222
0.0030846667601605866   0.003061943512658915
0.004613207216458634   0.0046669394816411195
-0.004143634945732279   -0.004134295680220633
-0.004627987643524491   -0.004674012132527228
0.004213495402261996   0.004184778000734373
0.00621619745635838   0.006264075208333567
-0.005720454276787932   -0.0057187483741944056
-0.006245497406599427   -0.006276347303892181
0.0058444833029886005   0.005812598119060032
0.00826639439545342   0.008299334039597529
-0.008117210325522628   -0.008199209773705259
-0.008318096691676397   -0.00831769137870117
0.00833597635988559   0.008376172588690545
0.011129590419980582   0.011080733718937894
-0.01218214517848055   -0.012315799598240074
-0.011211141753801829   -0.011102046072701828
0.012580495914274487   0.012657269564280402
0.015456105041035577   0.015357745155465508
-0.01913508621499029   -0.0191369551025117
-0.01557906340526514   -0.0153739144101775
0.019896757741400664   0.019829052958518476
0.022695684792042748   0.022524781496865067
-0.03025069768142492   -0.030016729739857726
-0.0229489213437985   -0.02261678331121403
0.031761529099684875   0.03149360324735085
0.034977504996270226   0.0351347477098984
-0.045597723840379724   -0.04639038036549794
-0.03581943465082673   -0.03586399989571572
0.04846034002709902   0.04936800494960775
0.05783944158440203   0.05715081424697126
-0.06811419237373326   -0.06817934644658855
-0.060688065201512494   -0.06006893970720158
0.07295765296448327   0.07299800715558767
0.09177283514541767   0.0906996768380653
-0.09289360572537343   -0.09221739410435804
-0.09890553688197694   -0.0977856095318237
0.09855650971597782   0.0973195230808879
0.13319353153704303   0.1319903033742011
-0.11743388051310191   -0.11746854338298227
-0.14508183534429442   -0.14307187068965013
0.11957007698651154   0.11912700306333339
0.1778364901239073   0.17716040415085557
-0.1530659336364597   -0.15273228320715096
-0.18958847613945182   -0.188455172124093
0.14766953822085857   0.14793862916384146
0.2290393579396799   0.23213676706505726
-0.21487193360328333   -0.21367084913343065
-0.23276329252035208   -0.23817264882779915
0.20476395332516398   0.2028178936817972
