0.00027742016105897877   0.00027211604537643523
-0.0003280794465114257   -0.00032896837151628064
-0.0002835566402949106   -0.00027746096097429
0.00033060433774854487   0.0003315948957015854
0.0003903610983132739   0.0003868943189611113
-0.000496281157306677   -0.0004997138595992392
-0.00039825903652717065   -0.000394107066790393
0.0004981132470245282   0.0005020578955054251
0.000553443887686849   0.0005576899110260973
-0.0007674098802428448   -0.0007749512806639776
-0.0005631214909244235   -0.0005674023799514048
0.0007674324622290073   0.0007759393649369431
0.0008113764847444428   0.0008303342491759752
-0.0012140600897882227   -0.001223128105727144
-0.0008231360161275323   -0.0008439972012453991
0.0012107727023432093   0.0012203848112737339
0.0012947425974074508   0.0013095419581014966
-0.0019570948514204198   -0.0019334970582927339
-0.0013123940988129955   -0.0013312363823775207
0.0019475644179738326   0.0019205624446718243
0.0022445283531451012   0.0021944466881882695
-0.0030293942420714006   -0.002948947510530633
-0.0022830607647015455   -0.0022319899989818094
0.0029981103537428935   0.002905211917482167
0.003782434679370922   0.0036781296534362756
-0.004126962811303471   -0.004130817137505697
-0.0038517851338154088   -0.0037277063761236347
0.004009584225430436   0.0040029196913591684
0.005654234093998832   0.00563605512412647
-0.005141504233330898   -0.005280362606969134
-0.005682275728587742   -0.00564282716086273
0.004837870308348799   0.004992330740869595
0.007579787313708782   0.007709147827703149
-0.006552796946865919   -0.006673403103899845
-0.007432784514203172   -0.007570563188878638
0.006029933557754719   0.006172705847093026
0.010103317558511607   0.00991301849369091
-0.009351742801883205   -0.009141179057377493
-0.009653960182883831   -0.009506439213207287
0.008590997567912498   0.008396172397359906
0.0128054554972495   0.01281964425152066
-0.013637252179691322   -0.013669633372871666
-0.011943554749543896   -0.01197289480661934
0.012691323401549064   0.012681315481453003
0.017226559732231073   0.01728181148476456
-0.021371301562806682   -0.021371844004940854
-0.015770556288733428   -0.015786186360780413
0.020318923043521533   0.020278245499433693
0.024807662616953587   0.024539552394649417
-0.03464567677251118   -0.03409725451661872
-0.022596329543764587   -0.02230344276806811
0.03377063047420791   0.03325307463006238
0.0370103228139182   0.03745904918489303
-0.05420342058408838   -0.05448795098311751
-0.034286669547834825   -0.0347183712418912
0.05407362245577622   0.05438583248664943
0.06028817890126345   0.06096087734697726
-0.08424244961136328   -0.08398528963698554
-0.057811528085741394   -0.05841863727307385
0.08523421081342887   0.08495230570524774
0.09928894604454437   0.09898184122508213
-0.12393872309054493   -0.12177180919826977
-0.09798225035225157   -0.09757723591846335
0.12539720767764598   0.12346135243726163
0.15010533690995004   0.15211859987211176
-0.16817655783551164   -0.1690924331992799
-0.14959407771218758   -0.15212220506151172
0.16914846052916335   0.17030699678810657
0.22126920306949874   0.2223086192608031
-0.23217245011821938   -0.23392237496309556
-0.22105545912316163   -0.2225217157978096
0.23290307786213157   0.23382101626657315
0.3201905030366876   0.31929312449932185
-0.3242645180489161   -0.3278285295184265
-0.32030677806468666   -0.3184166533874991
0.3247143600351009   0.32747041867422866
0.45516328906152503   0.4583238473914357
-0.45459250226913994   -0.459396484521768
-0.45534539915259575   -0.4574293646342097
0.45471395402094644   0.46046759520419067
0.6535434782728011   0.6518529455013293
-0.6523388108488919   -0.6384189868270308
-0.653613760717161   -0.6533871047786312
0.65230455370308   0.6396157824970669
