0.00020871395699037756   0.00020830641219102703
-0.00017913228256722277   -0.00017826431982503709
-0.00025778882906341157   -0.00025846536057782616
0.0002524529348847043   0.00025112785779018396
0.00026417036264659503   0.00026118958098153653
-0.0002659867491851654   -0.00026226286245607897
-0.00035110034150948033   -0.0003478057318855572
0.00036690362470150626   0.000361804917346182
0.00032906102537690773   0.00032878167440876635
-0.00041848036245010096   -0.00041744952569605425
-0.0004640323815695399   -0.00046394938963976296
0.0005433280153268101   0.0005430780857770754
0.00043729250792208464   0.00043879293288751146
-0.0007027384580712336   -0.0007060319580713144
-0.0006220603550323767   -0.0006258962403469736
0.0008493385235051503   0.0008562360147300329
0.0006804539565047622   0.0006675009347385139
-0.0012323873917811283   -0.0012139847062483655
-0.0009008005784940817   -0.0008888449298960833
0.0014223760744832767   0.0014035559471918524
0.0011747224920433824   0.0011660954354509201
-0.0020276567578642645   -0.002014555746589462
-0.0013943985983972161   -0.0013868373604463391
0.0023388337629084853   0.0023214721011416495
0.0021746820657366638   0.002174333320094094
-0.0031332275624953174   -0.003112623598556062
-0.002389729667944188   -0.0023837173656674903
0.0037472358467128923   0.0037285112800976646
0.003985557854824383   0.003996007008765331
-0.004262850740353965   -0.0042048092486786145
-0.004297970642020191   -0.004314675166658648
0.005595949515904126   0.005554967743014604
0.00622884211467777   0.006221901728398512
-0.004750345578329643   -0.004649309231918224
-0.00736075744316139   -0.00741999055303061
0.0072531372016391826   0.007167927328865936
0.008137487742006575   0.007847999070904516
-0.005091633297670702   -0.0049814705413995086
-0.011096825447636677   -0.010785551975996566
0.008358915427444134   0.00810744329225438
0.009047859315193673   0.00900234103971109
-0.006313543600375131   -0.006482472296705335
-0.013673518084889622   -0.013550846695579164
0.009411886792856922   0.009557067202864734
0.01037818911261941   0.010256207547078396
-0.010290620129355972   -0.01012441439580776
-0.016476256343097344   -0.01614973664650435
0.013242908284995508   0.01308158074597641
0.011958918305533065   0.012155872364895343
-0.017487078695886206   -0.017477632955611336
-0.019022301340965546   -0.019295886045742023
0.020207715954947247   0.020345074999185954
0.016269942493642272   0.016000366695991922
-0.03167854183084079   -0.03135636537610043
-0.024233297532711605   -0.024200679498757358
0.034454248955729384   0.034216729304061874
0.02539714845952657   0.024610279656700026
-0.055753605733602114   -0.055695339386363195
-0.034363163130710465   -0.033716536683959776
0.059814099628094315   0.05920511861796804
0.04208996111278174   0.04185427551134115
-0.09525994773431613   -0.09574342888780576
-0.054952440959249414   -0.05360807777114882
0.10068754757563719   0.10104260606744962
0.07518782249677286   0.07494395894101788
-0.16227526884299268   -0.16227530850334748
-0.09325625620130615   -0.09336727808874269
0.16416310217176455   0.16573220534744415
0.14792727785995577   0.14787070678641473
-0.2660636744117358   -0.26502231439844365
-0.16688834105659783   -0.16820846152600452
0.25933461057718477   0.2569648611250973
0.28323186914636417   0.2856342425414507
-0.3854733153382633   -0.3819444535594602
-0.2928059700520676   -0.2928487364240804
0.3703205385377551   0.36607788452754453
0.47210084582111544   0.4615702168629119
-0.5005409845253347   -0.4953348326449076
-0.46814661692145754   -0.45839175782333286
0.4896039125363431   0.48705172145920184
0.6604162100951677   0.662391992192527
-0.6402468333218126   -0.6525240072412193
-0.6553790355829913   -0.6593510802595159
0.639980641109757   0.6502161302090065
