0.0009101947318436331   0.0008991498618151572
-0.00092702438896898   -0.0009112502452782449
-0.0009101231476265309   -0.0008993689239780801
0.0009206265674552288   0.0009057948101895357
0.001270023574692309   0.0012720300080743406
-0.0013024431627850796   -0.0012957067509085129
-0.0012698209943675356   -0.0012722031947504252
0.0012898814662314145   0.001284695749668406
0.0017844563508624665   0.0018001411725963809
-0.001846652061629785   -0.0018460365422557881
-0.0017838764227415327   -0.0018000142295061718
0.0018218764025745044   0.0018239935292800528
0.002542786348622056   0.0025491411432779876
-0.0026617852701960594   -0.0026368986762663376
-0.0025410936730886386   -0.002547961131324193
0.0026124156114000338   0.0025931130515953705
0.0035905959971258192   0.003614222737765188
-0.0038103888878598256   -0.00377865706806352
-0.003585673393215575   -0.0036098922839786977
0.003713496590586765   0.003692392026398224
0.005088661739197019   0.005136381664563046
-0.005479144506325318   -0.00543497091807723
-0.005074236600894834   -0.005123208448925929
0.005290222170254558   0.005266555433237878
0.007323539096386662   0.007332685878572272
-0.007978189637538526   -0.007846993766506298
-0.0072806522291528515   -0.00729510643382605
0.007610577119095917   0.007521593738347124
0.010516179996449443   0.010559969318306491
-0.011467539885700484   -0.011357977755960655
-0.01039050539340942   -0.01045341058897782
0.010775388770235513   0.010737542824794059
0.015493331114776632   0.01545665643855023
-0.016497584211806172   -0.016392541907588844
-0.015128173898583423   -0.015146009498286277
0.0152317267511096   0.015239046156372654
0.023169609594614574   0.023184336139668773
-0.023028589643422363   -0.023187170511647193
-0.022166738939275538   -0.02227372268037616
0.020896943915044028   0.021189081982481497
0.03571424138809678   0.035284567226252235
-0.031074493916604922   -0.030855435973446407
-0.03320593134061777   -0.0329013003338729
0.027956463656320738   0.028013024822969166
0.052049072557729635   0.05154209743034793
-0.03731751118698615   -0.03678896301544883
-0.047097602812048785   -0.0468817453967406
0.03415199914984122   0.034222829570984
0.07056275231959552   0.0679983504786492
-0.04164700049726529   -0.0405228261324987
-0.063269497576832   -0.06179868926392997
0.040359326963070596   0.03993614539321342
0.08399396973869057   0.08207821445295212
-0.04631039519241155   -0.047291785026699125
-0.07668585038587479   -0.07616494061294114
0.04835470658067556   0.04925195990718123
0.09673051427911869   0.09632375558844773
-0.06215842582970507   -0.06390421993459094
-0.09212876234345249   -0.092326684653254
0.06698814716875359   0.068015220905166
0.11719754992843825   0.11666273687217606
-0.0989191188516369   -0.09693534810680351
-0.11693084327867106   -0.11604150942304073
0.1037079743108139   0.10204392604066478
0.15476221578599256   0.1536091658300125
-0.15583652811114995   -0.15275459816418868
-0.15669046069520742   -0.15672907935806096
0.1574217301218977   0.15612097267144573
0.22526403060103745   0.2224938133943682
-0.23019441456420864   -0.231939380882587
-0.22602388497068576   -0.22551664603280347
0.2296556255017629   0.23090612243785827
