0.00020871395699037756   0.00019976901059096761
-0.00017913228256722277   -0.00018764329336073426
-0.00025778882906341157   -0.00025064252867753933
0.0002524529348847043   0.0002559643497087249
0.00026417036264659503   0.0002608706071437062
-0.0002659867491851654   -0.0002737683988205603
-0.00035110034150948033   -0.00034379282548909905
0.00036690362470150626   0.0003710792680796855
0.00032906102537690773   0.00033888148087028724
-0.00041848036245010096   -0.00042403766764326245
-0.0004640323815695399   -0.0004680644819633782
0.0005433280153268101   0.0005545753582269436
0.00043729250792208464   0.0004540242842595765
-0.0007027384580712336   -0.0006965334224405845
-0.0006220603550323767   -0.0006404463384579691
0.0008493385235051503   0.000862650580095464
0.0006804539565047622   0.0006678010550051119
-0.0012323873917811283   -0.0011830717313242782
-0.0009008005784940817   -0.0009076198278578067
0.0014223760744832767   0.0013940939377667697
0.0011747224920433824   0.0011315252116550695
-0.0020276567578642645   -0.001986118963606016
-0.0013943985983972161   -0.001392008480208994
0.0023388337629084853   0.0022933941184012283
0.0021746820657366638   0.0021227772195357756
-0.0031332275624953174   -0.003109667910529334
-0.002389729667944188   -0.0023602204015330834
0.0037472358467128923   0.003693761803124342
0.003985557854824383   0.0039047761503368814
-0.004262850740353965   -0.004246211839025111
-0.004297970642020191   -0.0042298349915997095
0.005595949515904126   0.005532201373890075
0.00622884211467777   0.00619681798667466
-0.004750345578329643   -0.0048700632932025395
-0.00736075744316139   -0.007260373556738073
0.0072531372016391826   0.00731694552536649
0.008137487742006575   0.008144267428218378
-0.005091633297670702   -0.005170333072476401
-0.011096825447636677   -0.010905835374006894
0.008358915427444134   0.008510195130277442
0.009047859315193673   0.009398079740519465
-0.006313543600375131   -0.0062732711017053485
-0.013673518084889622   -0.014114556475329849
0.009411886792856922   0.009690692922799282
0.01037818911261941   0.01031631704181076
-0.010290620129355972   -0.009567150343131284
-0.016476256343097344   -0.01660681039355131
0.013242908284995508   0.012625304391111066
0.011958918305533065   0.011626232862661215
-0.017487078695886206   -0.016927576741367432
-0.019022301340965546   -0.01910413886215272
0.020207715954947247   0.01965166450948859
0.016269942493642272   0.014863083118503408
-0.03167854183084079   -0.0314007497187526
-0.024233297532711605   -0.023284128858519472
0.034454248955729384   0.03402022956251248
0.02539714845952657   0.023422274143321535
-0.055753605733602114   -0.05722781746285564
-0.034363163130710465   -0.03277735291112561
0.059814099628094315   0.0603054401421367
0.04208996111278174   0.04276332181476766
-0.09525994773431613   -0.09931438550745696
-0.054952440959249414   -0.05432753705594276
0.10068754757563719   0.10331908241868598
0.07518782249677286   0.0815785456015691
-0.16227526884299268   -0.1641847277491342
-0.09325625620130615   -0.09708497234869236
0.16416310217176455   0.16678025455197043
0.14792727785995577   0.15481076068212368
-0.2660636744117358   -0.255856846479662
-0.16688834105659783   -0.17242962010769522
0.25933461057718477   0.2526278778456082
0.28323186914636417   0.2773799145205301
-0.3854733153382633   -0.3705231299855313
-0.2928059700520676   -0.29030384851664587
0.3703205385377551   0.3591434575942267
0.47210084582111544   0.45732171766234286
-0.5005409845253347   -0.5027231669255398
-0.46814661692145754   -0.4563174529248767
0.4896039125363431   0.4887018902077604
0.6604162100951677   0.7043149996817002
-0.6402468333218126   -0.6514408761517452
-0.6553790355829913   -0.6855142051299327
0.639980641109757   0.6510081235615572
