0   33.78680514446688   0.01
1   21.37486183274003   0.01
2   16.662230596516967   0.01
3   3.612027761092896   0.01
4   2.4435397103047034   0.01
5   2.3929354470220447   0.01
6   2.363537635107306   0.002
7   2.3257986756217686   0.0004
8   2.298779897666098   8e-05
9   2.2755839028373557   1.6000000000000003e-05
10   2.2741920153877255   3.2000000000000007e-06
11   2.3394518043011425   6.400000000000002e-07
12   2.3123565871735554   1.2800000000000006e-07
13   2.25091988842542   1.2800000000000006e-07
14   2.1697719414169465   1.2800000000000006e-07
15   2.0664518825039977   1.2800000000000006e-07
16   2.005952100030297   1.2800000000000006e-07
17   1.9876073979342213   2.5600000000000014e-08
18   1.9777686492714739   5.120000000000003e-09
19   1.971163610710903   1.0240000000000006e-09
