3.0   0.001   0.0013877589092467948   -0.0012685684629902677   1.8918653457073375e-05   1.8918653457073375e-05   -0.0008760708535315353   0.0007993279532000514   1.1932878148777099e-05   1.1932878148777099e-05   
3.0   0.002   0.00197147130246938   -0.001744477432410477   2.622250160251035e-05   2.622250160251035e-05   -0.0012426164664422863   0.0010988472347036552   1.65234292274388e-05   1.65234292274388e-05   
3.0   0.004   0.0027447782738954955   -0.0023294823228533863   3.6056723963737275e-05   3.6056723963737275e-05   -0.0017253912756563807   0.00146862324328142   2.2693397584860814e-05   2.2693397584860814e-05   
3.0   0.008   0.003794490315113392   -0.0030599568530085444   4.904714679936191e-05   4.904714679936191e-05   -0.0023749039108469194   0.0019367513572667162   3.0834495114694906e-05   3.0834495114694906e-05   
3.0   0.016   0.005308353340473796   -0.004039946677692505   6.578940556982572e-05   6.578940556982572e-05   -0.0033009845863989193   0.002584693971791592   4.134767956731051e-05   4.134767956731051e-05   
3.0   0.032   0.006967290713333119   -0.0050102885112562   8.675885604706582e-05   8.675885604706582e-05   -0.0042958359085830235   0.0032840363806375364   5.466644822023427e-05   5.466644822023427e-05   
3.0   0.064   0.009015104615321798   -0.006239921932087305   0.00011235937338086851   0.00011235937338086851   -0.005507635076862066   0.004284511180331843   7.150987126242944e-05   7.150987126242944e-05   
3.0   0.128   0.01178638127134161   -0.008233765776858734   0.00014349816011623937   0.00014349816011623937   -0.007157767526830848   0.006088664690486896   9.378978347663468e-05   9.378978347663468e-05   
3.0   0.256   0.01463642005089692   -0.011197422794557694   0.00018349057498805141   0.00018349057498805141   -0.008937943485534658   0.009088648964328625   0.0001269226758327978   0.0001269226758327978   
3.0   0.512   0.018088870155321332   -0.0166891538820476   0.00024262516540600533   0.00024262516540600533   -0.011414965090215891   0.014770085166561128   0.0001840216755238849   0.0001840216755238849   
3.0   1.024   0.02249650409058024   -0.02648420353933501   0.0003457999994676755   0.0003457999994676755   -0.015363905508719732   0.024720166694101056   0.0002896389847022096   0.0002896389847022096   
3.0   2.048   0.030884346255697154   -0.04422435374254795   0.0005365219461028572   0.0005365219461028572   -0.023470409549990127   0.04178548065499866   0.0004766920475334546   0.0004766920475334546   
3.0   4.096   0.04754524949011277   -0.07200762115762213   0.0008615594445796724   0.0008615594445796724   -0.03859751756785941   0.06805589420014974   0.0007811931296474313   0.0007811931296474313   
3.0   8.192   0.07612241704109515   -0.11042322883068827   0.001354331086684184   0.001354331086684184   -0.06489213268649316   0.10657376593732222   0.001259981661395859   0.001259981661395859   
3.0   16.384   0.12323343371757178   -0.16662802977526198   0.0020742884746922916   0.0020742884746922916   -0.11122222432688544   0.16220099479901018   0.001968435910117332   0.001968435910117332   
3.0   32.768   0.19031827669793405   -0.24005525828093235   0.003086490340274239   0.003086490340274239   -0.175153440692438   0.2329609960641899   0.0029365266618158513   0.0029365266618158513   
3.0   65.536   0.28479974249255074   -0.3515083606729558   0.004523099892081994   0.004523099892081994   -0.2622009516850068   0.34580218206191843   0.004338785031452173   0.004338785031452173   
3.0   131.072   0.41802006694109917   -0.5152962268268908   0.0067319961526400105   0.0067319961526400105   -0.3921474102923807   0.5183874595434559   0.006594772728993567   0.006594772728993567   
