3.0   0.0001   0.00027742016105897877   -0.0003280794465114257   4.282797454329175e-06   4.282797454329175e-06   -0.0002835566402949106   0.00033060433774854487   4.341619319912547e-06   4.341619319912547e-06   
3.0   0.0002   0.0003903610983132739   -0.000496281157306677   6.299485978140829e-06   6.299485978140829e-06   -0.00039825903652717065   0.0004981132470245282   6.3627693925920585e-06   6.3627693925920585e-06   
3.0   0.0004   0.000553443887686849   -0.0007674098802428448   9.481732716597424e-06   9.481732716597424e-06   -0.0005631214909244235   0.0007674324622290073   9.53896786809603e-06   9.53896786809603e-06   
3.0   0.0008   0.0008113764847444428   -0.0012140600897882227   1.4718620333083446e-05   1.4718620333083446e-05   -0.0008231360161275323   0.0012107727023432093   1.4757396492916036e-05   1.4757396492916036e-05   
3.0   0.0016   0.0012947425974074508   -0.0019570948514204198   2.3484804872706008e-05   2.3484804872706008e-05   -0.0013123940988129955   0.0019475644179738326   2.3503577229851257e-05   2.3503577229851257e-05   
3.0   0.0032   0.0022445283531451012   -0.0030293942420714006   3.735374086622624e-05   3.735374086622624e-05   -0.0022830607647015455   0.0029981103537428935   3.733520429496156e-05   3.733520429496156e-05   
3.0   0.0064   0.003782434679370922   -0.004126962811303471   5.5918077984936694e-05   5.5918077984936694e-05   -0.0038517851338154088   0.004009584225430436   5.553705944441341e-05   5.553705944441341e-05   
3.0   0.0128   0.005654234093998832   -0.005141504233330898   7.662015195119312e-05   7.662015195119312e-05   -0.005682275728587742   0.004837870308348799   7.481999374897223e-05   7.481999374897223e-05   
3.0   0.0256   0.007579787313708782   -0.006552796946865919   0.00010074166231242797   0.00010074166231242797   -0.007432784514203172   0.006029933557754719   9.62324916847404e-05   9.62324916847404e-05   
3.0   0.0512   0.010103317558511607   -0.009351742801883205   0.00013416408841535122   0.00013416408841535122   -0.009653960182883831   0.008590997567912498   0.0001259385109347422   0.0001259385109347422   
3.0   0.1024   0.0128054554972495   -0.013637252179691322   0.00018636982813734695   0.00018636982813734695   -0.011943554749543896   0.012691323401549064   0.00017362222428344326   0.00017362222428344326   
3.0   0.2048   0.017226559732231073   -0.021371301562806682   0.0002730943282487327   0.0002730943282487327   -0.015770556288733428   0.020318923043521533   0.0002558953708703282   0.0002558953708703282   
3.0   0.4096   0.024807662616953587   -0.03464567677251118   0.00041817465455991153   0.00041817465455991153   -0.022596329543764587   0.03377063047420791   0.00039875906717315636   0.00039875906717315636   
3.0   0.8192   0.0370103228139182   -0.05420342058408838   0.000658195184718307   0.000658195184718307   -0.034286669547834825   0.05407362245577622   0.0006420891988014132   0.0006420891988014132   
3.0   1.6384   0.06028817890126345   -0.08424244961136328   0.001035383449075499   0.001035383449075499   -0.057811528085741394   0.08523421081342887   0.0010293642754175662   0.0010293642754175662   
3.0   3.2768   0.09928894604454437   -0.12393872309054493   0.0015749038287189477   0.0015749038287189477   -0.09798225035225157   0.12539720767764598   0.0015782063826502164   0.0015782063826502164   
3.0   6.5536   0.15010533690995004   -0.16817655783551164   0.0022918767047821298   0.0022918767047821298   -0.14959407771218758   0.16914846052916335   0.0022958112854625   0.0022958112854625   
3.0   13.1072   0.22126920306949874   -0.23217245011821938   0.003257248590680412   0.003257248590680412   -0.22105545912316163   0.23290307786213157   0.003261129312428137   0.003261129312428137   
3.0   26.2144   0.3201905030366876   -0.3242645180489161   0.00459342505316413   0.00459342505316413   -0.32030677806468666   0.3247143600351009   0.004597475585009892   0.004597475585009892   
3.0   52.4288   0.45516328906152503   -0.45459250226913994   0.006458918454169793   0.006458918454169793   -0.45534539915259575   0.45471395402094644   0.006461073910854659   0.006461073910854659   
3.0   104.8576   0.6535434782728011   -0.6523388108488919   0.009102139317877853   0.009102139317877853   -0.653613760717161   0.65230455370308   0.009102391119172621   0.009102391119172621   
