0.00020871395699037756   0.00019437970017533015
-0.00017913228256722277   -0.00019043956712234974
-0.00025778882906341157   -0.00024446711608229336
0.0002524529348847043   0.00025736949314720755
0.00026417036264659503   0.00025793771191196646
-0.0002659867491851654   -0.0002788314608251881
-0.00035110034150948033   -0.00033849691924893184
0.00036690362470150626   0.00037562016474458165
0.00032906102537690773   0.0003409443716260731
-0.00041848036245010096   -0.0004297721154085158
-0.0004640323815695399   -0.0004666323532077923
0.0005433280153268101   0.0005626300683628352
0.00043729250792208464   0.00046327012792045814
-0.0007027384580712336   -0.0006980613322495377
-0.0006220603550323767   -0.000647327319843551
0.0008493385235051503   0.0008716864394293703
0.0006804539565047622   0.0006829808909644376
-0.0012323873917811283   -0.0011702075414676163
-0.0009008005784940817   -0.0009267233755303567
0.0014223760744832767   0.001395215607133534
0.0011747224920433824   0.0011398480684084195
-0.0020276567578642645   -0.0019444979814469323
-0.0013943985983972161   -0.0014197214376473661
0.0023388337629084853   0.002268117434685159
0.0021746820657366638   0.002090197173717013
-0.0031332275624953174   -0.0030371040128237383
-0.002389729667944188   -0.0023704495173868553
0.0037472358467128923   0.0036196263481743218
0.003985557854824383   0.0037959192527894686
-0.004262850740353965   -0.0041907641258227425
-0.004297970642020191   -0.004163463905256218
0.005595949515904126   0.005416473812027155
0.00622884211467777   0.006058949516591307
-0.004750345578329643   -0.004914480830975663
-0.00736075744316139   -0.007075717351459135
0.0072531372016391826   0.007252086936192748
0.008137487742006575   0.00809301455209441
-0.005091633297670702   -0.005299245903904019
-0.011096825447636677   -0.010702752352315317
0.008358915427444134   0.008615875027534256
0.009047859315193673   0.009471773825063302
-0.006313543600375131   -0.006383123414667745
-0.013673518084889622   -0.014079313389026824
0.009411886792856922   0.009922243333198405
0.01037818911261941   0.010474453430879153
-0.010290620129355972   -0.009566081360245388
-0.016476256343097344   -0.01680813502318412
0.013242908284995508   0.012792032264235406
0.011958918305533065   0.011782791179938601
-0.017487078695886206   -0.016733022133159862
-0.019022301340965546   -0.019461311270568153
0.020207715954947247   0.019539980869439887
0.016269942493642272   0.014819590652390413
-0.03167854183084079   -0.030941631644490864
-0.024233297532711605   -0.023549677280620775
0.034454248955729384   0.03341803623675988
0.02539714845952657   0.022745625462927816
-0.055753605733602114   -0.05665405233771673
-0.034363163130710465   -0.03236582100386261
0.059814099628094315   0.05915901889597696
0.04208996111278174   0.041011097555204115
-0.09525994773431613   -0.09951095504908689
-0.054952440959249414   -0.05236292213651604
0.10068754757563719   0.10242441515636062
0.07518782249677286   0.07919838392736103
-0.16227526884299268   -0.16701107621869746
-0.09325625620130615   -0.0936792029789254
0.16416310217176455   0.16841431755538036
0.14792727785995577   0.15483364170506797
-0.2660636744117358   -0.2630306680931228
-0.16688834105659783   -0.17084779212959636
0.25933461057718477   0.25917354081634963
0.28323186914636417   0.2839324474903929
-0.3854733153382633   -0.3778728858910156
-0.2928059700520676   -0.2967286650538441
0.3703205385377551   0.3673656053633101
0.47210084582111544   0.4593163542795682
-0.5005409845253347   -0.499887409288148
-0.46814661692145754   -0.46709607716157836
0.4896039125363431   0.48545174070608327
0.6604162100951677   0.65869759369793
-0.6402468333218126   -0.6546315757718376
-0.6553790355829913   -0.667688710959641
0.639980641109757   0.6334857615188919
