0.00027742016105897877   0.0002455749759335679
-0.0003280794465114257   -0.00033448432462477825
-0.0002835566402949106   -0.00024794670577803045
0.00033060433774854487   0.00033745971086610526
0.0003903610983132739   0.00036186844987979276
-0.000496281157306677   -0.0005213804496687392
-0.00039825903652717065   -0.0003659341541231969
0.0004981132470245282   0.0005258079460481295
0.000553443887686849   0.0005491629703930895
-0.0007674098802428448   -0.0008191572579919908
-0.0005631214909244235   -0.0005568913423258527
0.0007674324622290073   0.000825111846239357
0.0008113764847444428   0.0008657321624581147
-0.0012140600897882227   -0.0012810075951691499
-0.0008231360161275323   -0.0008816161428904681
0.0012107727023432093   0.00128636534873153
0.0012947425974074508   0.001410285618049437
-0.0019570948514204198   -0.0019543609689780528
-0.0013123940988129955   -0.001442386625165955
0.0019475644179738326   0.0019488590729940137
0.0022445283531451012   0.002306456839889264
-0.0030293942420714006   -0.0028451499188111933
-0.0022830607647015455   -0.0023606924630895035
0.0029981103537428935   0.002798454088139324
0.003782434679370922   0.003634551069708643
-0.004126962811303471   -0.003914128976131122
-0.0038517851338154088   -0.003692925426654157
0.004009584225430436   0.003768873423320331
0.005654234093998832   0.005370487901653991
-0.005141504233330898   -0.005173798583161299
-0.005682275728587742   -0.005367378702126591
0.004837870308348799   0.004865598123188973
0.007579787313708782   0.0074405020226202285
-0.006552796946865919   -0.0068498016201477925
-0.007432784514203172   -0.0072710947320241415
0.006029933557754719   0.006341226686915271
0.010103317558511607   0.009892729198865038
-0.009351742801883205   -0.009483733457111423
-0.009653960182883831   -0.009442544325057787
0.008590997567912498   0.008773166554176724
0.0128054554972495   0.013066011403201369
-0.013637252179691322   -0.013954314119838971
-0.011943554749543896   -0.012222928614028681
0.012691323401549064   0.013069189642044272
0.017226559732231073   0.017736706601946
-0.021371301562806682   -0.021514386303636814
-0.015770556288733428   -0.016390886101905804
0.020318923043521533   0.02052394693598804
0.024807662616953587   0.025322599869301594
-0.03464567677251118   -0.033840516540321296
-0.022596329543764587   -0.023382388957022805
0.03377063047420791   0.03289180190206585
0.0370103228139182   0.038144985425911576
-0.05420342058408838   -0.053009055485215756
-0.034286669547834825   -0.035585890770403396
0.05407362245577622   0.05237886910582788
0.06028817890126345   0.05968538650095977
-0.08424244961136328   -0.08132173166779046
-0.057811528085741394   -0.05668766679584544
0.08523421081342887   0.08146091870880302
0.09928894604454437   0.09462087798839805
-0.12393872309054493   -0.12089209710012375
-0.09798225035225157   -0.09182763533587451
0.12539720767764598   0.1222756528410171
0.15010533690995004   0.1481483828920395
-0.16817655783551164   -0.17335360208704975
-0.14959407771218758   -0.14672175876018886
0.16914846052916335   0.17591493711240916
0.22126920306949874   0.22482429903712925
-0.23217245011821938   -0.24089816909287456
-0.22105545912316163   -0.22575994358713267
0.23290307786213157   0.24341633320779857
0.3201905030366876   0.3287279559924607
-0.3242645180489161   -0.3291358153040231
-0.32030677806468666   -0.33167743906683156
0.3247143600351009   0.3295346343408345
0.45516328906152503   0.46630019562467756
-0.45459250226913994   -0.4499757948810832
-0.45534539915259575   -0.4691731971043995
0.45471395402094644   0.4466594728771082
0.6535434782728011   0.6504846275861086
-0.6523388108488919   -0.6226364763573873
-0.653613760717161   -0.6504026825853146
0.65230455370308   0.6156612340986546
