0.00027742016105897877   0.00027693509976409116
-0.0003280794465114257   -0.0003265910436226658
-0.0002835566402949106   -0.00028270613612294774
0.00033060433774854487   0.0003289742478878486
0.0003903610983132739   0.0003894014965851112
-0.000496281157306677   -0.0004946539025399489
-0.00039825903652717065   -0.0003968788837784421
0.0004981132470245282   0.0004964750232709342
0.000553443887686849   0.0005542756950418512
-0.0007674098802428448   -0.0007691580152234582
-0.0005631214909244235   -0.0005638434563689816
0.0007674324622290073   0.0007693885992081317
0.0008113764847444428   0.0008188767965904359
-0.0012140600897882227   -0.001224604029691593
-0.0008231360161275323   -0.0008318027372671266
0.0012107727023432093   0.0012211805565868366
0.0012947425974074508   0.0013003659034688836
-0.0019570948514204198   -0.001955933588967273
-0.0013123940988129955   -0.0013210447023229489
0.0019475644179738326   0.0019428370157296238
0.0022445283531451012   0.0022216491684452435
-0.0030293942420714006   -0.0029861408094710136
-0.0022830607647015455   -0.002258464959941749
0.0029981103537428935   0.002942148474168241
0.003782434679370922   0.0037463027677930674
-0.004126962811303471   -0.004116972631891895
-0.0038517851338154088   -0.0037927736748186005
0.004009584225430436   0.003988519793560276
0.005654234093998832   0.005641496706882251
-0.005141504233330898   -0.0051948753279844224
-0.005682275728587742   -0.005643908185125664
0.004837870308348799   0.004914141166090436
0.007579787313708782   0.007612516250779366
-0.006552796946865919   -0.006651099209246113
-0.007432784514203172   -0.007484672708273162
0.006029933557754719   0.006162105442222177
0.010103317558511607   0.0098721790816359
-0.009351742801883205   -0.009250877451225572
-0.009653960182883831   -0.009487408608757093
0.008590997567912498   0.008495539894898794
0.0128054554972495   0.0129385768207903
-0.013637252179691322   -0.013735680212118337
-0.011943554749543896   -0.012088626697508873
0.012691323401549064   0.012714305967899298
0.017226559732231073   0.01738100767011219
-0.021371301562806682   -0.021280439722164413
-0.015770556288733428   -0.015845541091040014
0.020318923043521533   0.02016722471494797
0.024807662616953587   0.02458990018997894
-0.03464567677251118   -0.03398500719324781
-0.022596329543764587   -0.02228274140780533
0.03377063047420791   0.033164608894710755
0.0370103228139182   0.03752404961267546
-0.05420342058408838   -0.054126413307046664
-0.034286669547834825   -0.03471177840131471
0.05407362245577622   0.054167179341195325
0.06028817890126345   0.060360064087632094
-0.08424244961136328   -0.08337008758496724
-0.057811528085741394   -0.05792972115326685
0.08523421081342887   0.0846259021440888
0.09928894604454437   0.09763637602092123
-0.12393872309054493   -0.12220222584808665
-0.09798225035225157   -0.09668126522776689
0.12539720767764598   0.12404733294407466
0.15010533690995004   0.1518423165300144
-0.16817655783551164   -0.1710970975183643
-0.14959407771218758   -0.15237764406331347
0.16914846052916335   0.1719748109833906
0.22126920306949874   0.22447661891737367
-0.23217245011821938   -0.2356719105615198
-0.22105545912316163   -0.224745360838524
0.23290307786213157   0.23470843356806834
0.3201905030366876   0.3230841338526841
-0.3242645180489161   -0.32703758578627384
-0.32030677806468666   -0.32121410149451846
0.3247143600351009   0.32591094452011127
0.45516328906152503   0.4622615002279441
-0.45459250226913994   -0.4547161924853672
-0.45534539915259575   -0.45970014604724324
0.45471395402094644   0.45640403190185447
0.6535434782728011   0.6544664134173169
-0.6523388108488919   -0.6275412675568324
-0.653613760717161   -0.6553338170122696
0.65230455370308   0.6310014002202609
