0.000626907671595061   0.0006252334913093108
-0.0006440131836699399   -0.0006432139648170441
-0.0006270975911638123   -0.0006251194816697847
0.0006455548859542778   0.0006433158752600646
0.0008829653575237919   0.0008848882622422559
-0.0009165849573101192   -0.0009200104560204972
-0.0008834991232601908   -0.000884864369827664
0.0009194968690915544   0.0009202650906019288
0.0012403134039997534   0.0012531816694935968
-0.00130582192226524   -0.001321190113411123
-0.0012418071928033316   -0.0012535594496099667
0.0013111581230571552   0.0013216704665586054
0.0018089834581291686   0.0017767162433252536
-0.001940337889192514   -0.001906932709150545
-0.0018133114548113246   -0.0017785000761974864
0.0019500274642304844   0.0019075539180562805
0.002556032585593696   0.002523439715895954
-0.00280776796670085   -0.002769404228906139
-0.0025681156239832467   -0.0025297992037374645
0.0028233731113026152   0.0027692495163168032
0.0035832020594665152   0.00359361975979963
-0.004051917787164782   -0.004051307683499519
-0.003616331120859914   -0.003614452556602015
0.0040721870601240755   0.00404605450684718
0.005179691009803846   0.005138201548375177
-0.006050111852071307   -0.005976890843055081
-0.005271533418222328   -0.005203861159169749
0.006060245934171227   0.005949165397923274
0.007512444907148976   0.007398157577722039
-0.00904830880434131   -0.008905206260713982
-0.00775830361552025   -0.007597569628452205
0.008977429070819108   0.008788255341793037
0.010855288108946254   0.010815119507233576
-0.013318804546680689   -0.013401662032613912
-0.011463181435409463   -0.01138077021385749
0.012914359722622984   0.012944877884942644
0.016598639642384817   0.016300452033013755
-0.0201573359908908   -0.020201852976642034
-0.017964372776578245   -0.017674832687825538
0.018575943893861056   0.018528856004795258
0.02578046550285467   0.0254778579534636
-0.029568599929405526   -0.029698796144121478
-0.028031357898644922   -0.027766921208642537
0.02458761684082141   0.02436446552518142
0.040551355078222925   0.03996449939057112
-0.041710953719083926   -0.041148141385093207
-0.041831838790551114   -0.040813075822016896
0.02914770265560064   0.02801794279669369
0.05978164732497328   0.059954588721696754
-0.053731497745466296   -0.05343524055414868
-0.05434504133350387   -0.05326012821764035
0.030439221085918025   0.029666370639387547
0.083232075566337   0.08482679729491756
-0.06662383741813388   -0.06679024268531211
-0.06374387581241789   -0.06344766135832507
0.03322323059896179   0.0334960371711746
0.11386257050893688   0.11425984639658619
-0.08394553308090417   -0.08255113699391368
-0.07387363022953171   -0.07342755404008473
0.044225704902438524   0.04437759059924844
0.1489195491845409   0.1474438707608666
-0.1050830868911077   -0.10378802272818054
-0.08840755899096525   -0.087706700641407
0.06668132517316462   0.06649901218503879
0.18394803120724035   0.18461466900456935
-0.13736157217788528   -0.1386175378035072
-0.11242865644885555   -0.11253691045461443
0.10237053488689993   0.10315458852902529
0.228801548609766   0.2326168245894588
-0.20070218203424905   -0.2005976648167816
-0.1548024293406744   -0.15481876462088343
0.1556085063315169   0.15692691594782113
