0.0013877589092467948   0.0014021806967147556
-0.0012685684629902677   -0.0012749099312628757
-0.0008760708535315353   -0.0008855928434962532
0.0007993279532000514   0.0008024916433887346
0.00197147130246938   0.0019702996378935136
-0.001744477432410477   -0.0017318026989801717
-0.0012426164664422863   -0.001242000246124038
0.0010988472347036552   0.001089147221716683
0.0027447782738954955   0.0027541464256082998
-0.0023294823228533863   -0.002319111774147555
-0.0017253912756563807   -0.0017304664398271022
0.00146862324328142   0.0014591132596743176
0.003794490315113392   0.003816235094773581
-0.0030599568530085444   -0.003052124235441375
-0.0023749039108469194   -0.0023855880114491256
0.0019367513572667162   0.0019276609743884038
0.005308353340473796   0.005215793908995316
-0.004039946677692505   -0.003942261863838552
-0.0033009845863989193   -0.0032369253506112673
0.002584693971791592   0.0025184609991476875
0.006967290713333119   0.006989725366563382
-0.0050102885112562   -0.005015059342117545
-0.0042958359085830235   -0.0042994093233878344
0.0032840363806375364   0.003287680339120508
0.009015104615321798   0.009135369165968566
-0.006239921932087305   -0.006365236595118374
-0.005507635076862066   -0.00557187273417603
0.004284511180331843   0.004378497670116752
0.01178638127134161   0.0116224435776457
-0.008233765776858734   -0.008266901863456688
-0.007157767526830848   -0.007063591493682177
0.006088664690486896   0.0061166933158256385
0.01463642005089692   0.014471787987478097
-0.011197422794557694   -0.011341222237612275
-0.008937943485534658   -0.008873236908418939
0.009088648964328625   0.009151965112653667
0.018088870155321332   0.017936512624629256
-0.0166891538820476   -0.01677186855820379
-0.011414965090215891   -0.0113542713431388
0.014770085166561128   0.014647928399786021
0.02249650409058024   0.022844821098520818
-0.02648420353933501   -0.026549371861399933
-0.015363905508719732   -0.01543986260857582
0.024720166694101056   0.024493598166196215
0.030884346255697154   0.031234533902030754
-0.04422435374254795   -0.0436086773851546
-0.023470409549990127   -0.023201061182759927
0.04178548065499866   0.04135481938334972
0.04754524949011277   0.04721900869753313
-0.07200762115762213   -0.0712919631796894
-0.03859751756785941   -0.03838041058536197
0.06805589420014974   0.0682126347991849
0.07612241704109515   0.07658774601480603
-0.11042322883068827   -0.1117002881955786
-0.06489213268649316   -0.06608366439357363
0.10657376593732222   0.10750829597187346
0.12323343371757178   0.12355780489879503
-0.16662802977526198   -0.16612414377177898
-0.11122222432688544   -0.11090470043841269
0.16220099479901018   0.16125880749284813
0.19031827669793405   0.18974299176225065
-0.24005525828093235   -0.2408786261854235
-0.175153440692438   -0.1749754326358407
0.2329609960641899   0.23514991446785613
0.28479974249255074   0.28043445772108605
-0.3515083606729558   -0.3529471408975498
-0.2622009516850068   -0.2623353555671645
0.34580218206191843   0.3457438337783285
0.41802006694109917   0.41404732948299333
-0.5152962268268908   -0.5280972388700556
-0.3921474102923807   -0.3899475811741803
0.5183874595434559   0.5209985611161452
